433.35	4	1.34
89.58	5	0.68
497.81	12	1.20
131.03	19	0.77
221.30	20	0.74
401.29	15	0.68
191.47	21	1.29
40.72	60	1.47
477.84	24	1.20
416.96	29	0.58
181.29	21	1.20
383.39	6	0.82
348.81	14	0.88
564.08	38	0.51
482.55	35	0.76
531.82	56	1.31
23.11	11	1.19
28.33	14	1.09
55.42	20	1.19
564.06	34	1.21
221.75	11	0.90
379.18	11	0.53
511.30	2	1.27
244.58	60	0.93
681.35	10	1.23
42.39	6	1.01
514.10	42	0.62
213.55	54	1.13
281.03	43	0.87
256.47	10	1.17
69.55	46	1.23
255.86	9	0.98
641.97	8	0.69
377.61	23	0.93
215.92	52	1.41
320.91	4	1.36
175.04	1	1.46
216.80	22	0.79
218.97	57	0.97
283.80	5	0.55
263.54	8	0.82
252.01	9	0.79
606.24	5	0.87
670.44	9	0.73
330.33	51	0.69
154.92	9	1.45
190.08	51	0.77
642.10	2	1.14
539.14	24	0.78
436.83	24	0.52
110.42	20	0.79
532.85	37	0.53
287.47	53	1.21
163.43	40	1.21
7.10	36	0.75
287.81	7	1.13
144.43	10	1.08
197.95	5	0.79
500.33	27	0.73
623.70	4	1.31
23.00	11	1.25
296.70	14	1.37
10.13	3	0.92
656.92	12	0.68
660.88	4	0.83
153.05	37	0.84
5.13	24	0.79
578.78	14	0.54
301.64	8	1.36
223.23	21	1.02
587.37	52	1.30
582.87	9	1.17
332.08	20	0.75
56.52	2	0.99
146.86	47	0.97
522.81	35	1.29
583.31	22	1.22
355.48	22	1.12
132.46	43	0.58
595.91	48	0.50
341.44	6	0.94
684.94	6	0.52
247.84	11	0.83
53.56	47	1.03
302.59	1	1.15
682.05	3	1.24
603.90	16	0.75
61.36	6	1.35
229.52	26	0.63
562.10	14	0.64
438.35	6	1.42
132.12	46	0.79
401.49	24	0.51
128.94	47	0.97
29.05	4	1.20
277.48	58	0.79
328.77	10	1.45
8.75	10	0.76
69.53	25	1.37
97.33	32	0.83
354.33	7	0.55
208.09	60	0.68
398.10	15	0.67
231.02	54	0.55
374.60	50	0.68
426.18	6	1.22
144.29	59	1.27
514.41	15	0.54
9.34	9	1.14
553.33	48	1.01
148.38	43	0.60
614.00	15	1.31
425.59	10	0.51
569.64	11	1.25
114.49	9	0.83
154.93	12	0.72
156.42	58	0.87
246.67	23	1.20
49.76	20	0.78
518.70	29	1.41
508.59	6	0.52
242.07	29	0.53
152.13	40	0.58
598.69	18	1.10
325.52	5	1.20
550.93	2	0.82
249.67	6	0.83
248.63	2	0.70
457.41	11	1.45
257.10	17	0.55
147.03	8	0.98
393.19	55	1.04
148.31	6	1.08
182.27	8	1.12
310.97	2	0.66
457.93	18	1.37
56.22	8	0.65
246.31	47	0.76
409.34	21	1.04
398.01	13	0.94
214.91	11	0.62
674.77	30	1.44
579.23	9	0.85
52.85	43	1.22
579.22	8	1.36
539.21	12	1.39
60.02	7	1.08
53.57	54	0.53
445.37	56	1.03
519.89	11	0.95
26.14	3	1.36
182.06	6	0.53
62.40	14	1.38
244.52	5	1.03
68.07	9	1.31
424.06	8	1.25
145.98	2	0.54
670.68	10	1.43
693.52	30	1.05
644.90	47	0.98
196.82	49	1.01
205.04	55	0.64
296.01	2	0.66
528.54	41	1.45
563.63	3	0.55
661.95	5	0.80
111.07	3	1.11
353.48	51	0.58
318.88	35	0.53
284.40	21	0.56
79.61	55	1.00
588.48	8	0.91
583.76	20	1.40
613.66	36	0.53
66.11	18	0.97
366.90	58	0.78
498.24	24	0.76
513.11	51	0.59
83.03	7	0.86
599.16	2	1.49
37.82	60	1.30
40.52	5	0.99
697.95	11	0.69
411.08	9	1.35
600.66	46	1.05
110.64	1	1.28
704.46	37	1.47
389.45	14	1.00
695.62	18	0.76
153.31	59	0.50
486.28	60	0.77
411.63	6	1.24
549.91	5	1.22
126.47	6	0.92
691.82	10	0.87
211.40	7	1.03
598.60	26	0.68
287.76	7	1.10
83.50	39	0.86
375.32	3	1.27
20.03	18	0.65
410.77	33	0.50
387.97	12	1.47
473.90	51	1.36
704.25	12	0.52
77.32	4	1.08
413.79	35	1.40
51.41	11	1.13
190.31	7	0.62
551.35	60	1.49
285.50	23	0.50
80.78	9	1.40
32.95	3	0.67
87.12	60	0.64
595.73	41	1.11
415.17	31	1.33
619.03	24	0.90
34.35	49	0.54
165.55	37	1.10
333.15	2	1.02
470.72	4	1.15
561.27	23	0.66
243.48	7	0.68
637.43	9	1.42
48.09	9	0.97
152.20	46	0.69
588.55	4	1.49
76.58	2	0.51
600.46	55	1.10
207.57	58	0.93
161.39	30	1.02
680.27	60	0.93
718.47	32	1.05
64.24	29	0.97
305.15	25	0.50
122.59	56	0.78
40.32	47	1.29
523.86	36	1.44
93.89	10	1.41
677.75	22	0.86
655.53	39	0.67
571.46	5	1.26
503.75	26	1.08
195.90	24	1.07
593.23	8	0.77
202.51	58	0.64
576.61	5	1.40
442.33	23	1.18
68.75	6	1.28
414.12	10	0.92
137.44	60	0.58
3.29	26	1.27
606.26	59	1.13
77.68	60	1.23
233.01	15	0.96
531.50	50	0.91
229.23	6	1.11
490.03	11	0.56
95.56	19	0.75
459.84	24	0.72
465.65	16	1.12
231.47	10	1.14
605.88	4	0.84
120.38	1	0.58
435.74	45	0.88
368.07	3	0.56
79.20	3	0.78
533.25	2	1.44
447.61	8	0.90
599.25	30	0.75
151.58	10	0.77
283.58	24	0.56
85.64	4	1.43
537.36	7	1.02
237.99	48	1.29
544.93	9	0.74
384.12	42	1.12
387.77	51	1.15
197.44	52	1.14
655.46	43	1.41
103.59	24	0.99
645.29	10	0.79
651.77	6	0.56
139.47	8	0.54
306.46	40	1.21
703.28	41	0.83
353.22	53	0.53
230.13	5	1.15
566.48	29	0.94
624.90	12	1.08
35.89	2	1.49
82.75	23	0.81
171.11	48	0.76
179.97	28	0.93
228.33	6	1.11
214.68	1	1.15
567.25	58	0.96
614.94	7	0.98
449.53	10	1.34
645.66	45	0.77
279.27	9	0.70
119.52	19	0.86
213.83	34	0.67
363.19	21	0.86
439.10	7	1.36
404.17	22	1.27
308.62	11	0.80
266.89	22	1.03
699.58	8	0.90
154.43	6	1.12
129.65	19	0.83
623.39	8	1.38
351.13	20	1.29
104.64	13	1.00
404.19	16	1.22
35.94	37	0.92
449.53	7	0.76
90.86	10	1.26
245.71	5	1.25
242.29	26	0.94
412.02	29	1.47
157.19	31	1.06
188.41	23	1.18
275.75	38	0.69
286.50	36	1.24
63.35	55	0.60
222.96	9	1.07
540.75	1	0.73
246.82	7	0.55
263.86	53	1.40
395.92	3	1.09
265.69	1	0.64
660.96	11	0.75
248.71	17	1.16
49.52	47	1.12
60.01	5	1.21
408.87	51	0.70
613.80	59	1.00
658.16	60	0.82
668.32	30	0.73
252.87	42	0.85
402.03	6	1.30
660.52	5	0.58
390.51	48	1.05
162.71	22	0.84
72.00	5	1.23
199.82	33	1.48
541.53	39	0.58
560.74	10	0.59
13.07	30	1.00
388.46	41	1.41
72.87	27	0.94
220.17	53	0.69
184.13	40	0.59
112.23	5	0.62
599.93	10	1.37
174.51	4	0.51
35.17	59	0.56
421.04	57	1.13
227.52	31	0.55
327.31	4	1.44
568.34	14	1.43
373.31	58	0.53
352.52	59	0.72
198.36	45	1.46
418.38	25	1.34
196.07	8	1.16
553.01	41	1.34
375.02	43	0.70
158.20	24	1.16
247.97	36	0.84
347.55	13	1.26
437.20	58	0.62
634.94	3	0.99
617.67	4	0.87
514.07	55	0.60
558.52	2	0.90
104.37	1	1.05
622.00	12	1.36
375.18	5	0.64
439.27	16	0.91
1.19	26	1.02
534.31	5	1.48
553.80	41	1.16
8.80	59	1.21
599.26	51	1.39
218.53	43	0.52
449.64	60	0.82
486.78	54	1.33
418.36	22	0.69
127.44	12	0.90
14.19	21	0.90
554.93	45	0.77
132.62	8	1.31
15.68	24	1.41
273.90	3	1.22
135.16	56	0.54
657.15	54	1.03
366.62	2	0.60
700.21	31	0.98
185.14	6	0.56
424.49	6	1.39
119.95	9	0.83
177.68	30	1.12
585.84	8	0.56
644.87	48	1.00
204.33	9	0.79
10.97	38	0.82
539.80	6	0.71
589.37	8	0.64
711.58	3	0.56
512.01	26	0.98
595.00	17	1.39
396.22	7	1.02
164.21	29	0.87
171.26	48	0.52
346.80	49	1.08
340.49	28	1.11
432.52	39	1.11
269.86	48	0.59
366.30	48	0.65
254.37	47	0.63
496.90	38	1.40
236.32	45	0.92
536.52	10	1.05
333.94	47	0.96
110.16	4	1.03
369.59	28	0.98
254.18	44	1.13
231.69	60	0.84
534.61	4	0.62
268.41	12	1.04
189.66	38	0.78
647.53	26	1.14
379.29	43	0.82
636.59	56	0.92
620.88	21	1.02
680.37	36	1.08
186.41	43	0.53
44.62	12	1.29
167.69	6	0.70
605.41	26	0.62
575.64	10	0.64
332.06	40	0.98
185.70	14	1.41
700.62	30	1.04
355.75	9	0.70
195.61	4	1.02
124.96	49	0.62
695.06	8	0.81
25.80	36	1.47
134.60	6	1.03
98.84	5	0.92
550.51	1	1.25
69.92	35	0.74
189.55	19	1.20
5.14	37	0.76
598.28	7	0.78
499.29	45	0.66
194.36	28	0.56
52.16	42	0.55
27.69	52	1.09
488.73	31	0.54
38.79	9	1.08
176.74	1	0.70
434.57	55	0.58
92.36	2	0.96
528.63	50	1.32
699.00	42	1.12
617.16	3	0.87
663.05	28	1.43
103.23	27	1.06
690.65	46	0.57
181.66	60	0.62
43.35	54	1.14
444.10	2	0.86
410.60	32	1.23
113.93	44	1.32
232.87	5	1.23
300.92	5	1.10
241.66	32	1.48
512.92	24	0.69
449.72	2	0.63
188.63	3	1.20
523.95	17	0.97
139.79	3	1.18
285.92	35	0.92
508.89	36	1.10
389.07	7	1.06
408.54	7	1.32
146.38	9	1.46
254.70	10	0.71
304.22	10	0.76
515.93	43	1.04
26.47	1	1.00
530.40	43	0.99
167.68	51	0.98
254.98	54	1.24
35.38	24	0.75
451.75	46	0.54
124.04	50	1.00
395.39	45	1.34
522.62	29	0.93
639.13	6	0.95
116.88	9	1.21
251.11	60	1.35
321.88	52	1.15
607.31	6	1.25
3.03	31	0.71
659.80	31	0.94
44.55	36	0.96
583.69	7	1.09
445.33	56	1.49
35.08	40	1.15
116.79	5	0.74
110.22	1	1.10
47.75	41	1.10
194.17	11	0.94
97.35	23	0.92
333.35	52	0.78
121.49	32	1.34
241.82	11	1.18
530.93	8	0.51
658.34	9	0.88
369.16	8	0.71
675.38	10	0.65
589.91	27	1.35
444.82	20	0.67
584.54	38	0.55
446.50	38	0.69
606.29	36	0.99
147.86	44	0.67
113.60	55	1.47
680.81	49	1.03
157.56	44	0.93
597.91	57	1.15
367.99	8	1.25
415.24	17	1.24
697.02	41	0.71
310.70	49	0.91
105.19	8	1.02
497.10	12	0.76
571.87	8	1.41
288.44	29	0.83
388.77	22	0.51
121.84	42	1.23
203.25	12	1.25
709.52	1	1.44
318.76	12	0.65
335.90	37	1.31
2.32	3	1.12
417.33	10	1.46
8.79	4	1.30
447.15	10	0.81
406.72	49	0.52
617.50	3	0.66
139.78	34	1.22
419.01	33	1.21
177.02	14	1.12
214.11	29	1.21
478.25	32	0.80
697.72	3	1.23
326.36	55	0.67
208.55	1	1.29
606.40	7	0.67
667.01	7	0.56
111.36	5	0.91
183.11	25	0.86
324.35	52	0.86
496.33	6	1.10
712.70	9	0.91
270.89	11	1.24
699.22	2	1.18
107.31	40	1.30
418.64	10	1.06
637.51	10	0.88
717.31	2	1.10
375.78	7	1.08
368.82	15	0.91
303.01	4	1.23
436.47	42	0.93
222.90	9	1.36
369.37	16	1.40
515.57	10	0.71
512.56	8	1.28
512.32	30	1.22
324.37	57	1.33
522.37	10	0.53
55.22	59	1.31
627.62	36	0.51
168.50	53	0.73
589.75	48	0.72
554.61	19	0.59
202.30	21	0.97
662.76	44	0.60
289.75	22	1.41
681.26	5	1.32
593.39	38	1.22
297.50	31	0.50
643.15	6	1.20
59.32	28	1.15
45.27	52	0.59
234.31	4	1.39
497.79	11	0.54
610.32	23	1.42
160.68	12	0.55
237.01	35	0.51
456.41	5	1.04
316.38	9	0.63
409.42	12	0.80
621.09	17	1.39
598.75	9	1.02
709.01	43	0.52
483.37	59	1.44
669.22	55	0.61
675.60	8	0.70
474.35	25	0.89
567.78	20	1.30
592.79	15	1.43
213.55	45	1.36
6.99	4	0.57
497.07	4	0.91
487.51	26	0.61
230.36	44	1.38
499.64	12	1.09
714.40	10	1.29
402.68	7	1.06
259.50	25	1.01
583.32	34	0.86
624.99	40	0.76
691.77	51	0.90
248.04	4	0.70
155.80	8	0.86
590.88	27	1.07
200.35	52	1.12
296.44	58	0.88
639.69	53	0.96
481.74	9	0.90
431.54	10	1.04
669.47	46	1.10
167.41	10	1.31
61.12	11	0.66
433.64	12	1.41
334.03	11	0.94
554.48	55	1.08
702.68	43	1.07
649.27	44	1.29
307.64	45	0.90
525.77	40	0.96
367.43	2	0.64
200.47	36	0.50
280.87	6	1.04
712.44	17	0.95
259.75	37	1.04
209.27	11	1.45
201.12	4	1.37
129.77	53	1.27
18.49	32	1.10
337.59	36	0.76
518.22	17	0.98
230.51	39	0.64
503.52	8	1.41
593.75	3	1.41
625.58	5	1.23
598.74	11	0.57
129.77	1	0.54
2.79	5	0.50
469.57	10	0.58
585.76	20	0.84
482.33	39	1.06
318.46	57	1.31
40.24	22	1.45
80.29	44	0.77
601.96	35	0.51
635.82	5	1.41
351.77	10	1.29
547.98	45	1.09
313.55	5	1.15
570.06	8	1.05
697.34	37	0.63
683.29	17	0.75
205.06	6	0.84
695.83	4	0.88
96.89	17	1.12
549.63	22	0.87
280.68	3	1.34
568.46	45	1.14
606.52	40	0.71
323.22	44	1.43
709.00	42	1.05
545.53	44	1.32
308.88	10	1.23
56.86	10	0.86
273.43	14	1.26
61.40	19	1.07
310.40	37	1.12
576.26	18	1.05
279.76	41	0.72
172.86	6	1.21
313.22	26	0.97
500.40	55	1.48
367.21	10	0.71
207.43	1	0.60
290.68	28	0.89
188.01	11	0.65
76.61	11	1.07
332.79	3	0.94
471.72	3	1.48
137.82	9	0.97
641.91	27	1.25
486.15	43	0.87
182.91	2	1.18
594.51	38	0.78
632.60	24	0.77
439.17	60	1.20
712.27	1	0.56
183.05	1	0.59
2.23	54	0.50
193.75	55	1.07
485.78	38	0.87
621.21	39	1.22
123.43	59	1.36
439.66	18	0.63
475.94	18	1.04
146.43	37	0.84
430.23	8	1.46
242.68	36	1.24
673.02	4	0.93
362.40	2	1.29
624.91	8	0.53
259.23	57	1.12
42.23	4	1.08
169.79	22	0.65
321.00	37	1.25
279.49	22	0.81
56.78	9	1.49
226.65	4	1.40
444.79	18	1.11
408.79	10	1.21
282.24	48	1.24
508.24	31	0.50
668.48	23	0.83
320.55	23	0.65
386.32	8	0.83
252.97	14	1.35
234.61	2	1.46
718.99	57	1.32
541.31	9	0.67
513.99	1	1.09
404.21	5	0.80
274.79	18	0.56
347.05	30	1.06
467.65	26	0.60
655.06	15	0.71
114.59	10	1.09
208.93	40	1.36
253.41	46	1.16
642.36	3	0.89
65.25	10	0.76
370.19	11	0.57
541.11	21	1.46
423.23	21	0.84
394.71	5	0.56
205.95	54	0.65
266.22	3	0.82
616.62	11	0.69
458.01	23	1.35
550.51	8	1.16
16.52	37	0.87
135.29	59	1.32
358.73	28	0.81
296.37	10	1.16
342.25	17	1.47
650.58	3	0.90
458.58	4	0.91
85.76	53	1.08
164.73	52	1.05
522.79	12	1.02
88.17	24	1.42
92.99	30	0.97
447.72	9	0.91
639.34	10	1.48
423.11	50	0.72
155.26	6	0.64
10.91	45	0.97
361.98	49	1.09
593.58	7	0.85
89.53	57	0.61
192.42	48	0.95
675.97	59	1.07
119.15	4	1.36
396.60	7	1.32
363.31	10	0.75
502.74	2	0.56
168.83	48	0.51
614.58	7	1.28
81.46	17	1.04
326.06	5	0.66
229.72	7	1.16
338.47	1	0.71
682.67	40	0.96
495.06	46	1.32
3.84	29	1.34
394.75	2	0.76
244.80	34	0.54
428.62	50	1.10
372.82	5	1.43
642.59	11	0.77
688.51	1	1.12
395.70	8	0.71
716.86	13	1.19
127.46	58	1.21
170.31	10	0.74
391.14	12	1.40
333.20	1	0.72
270.99	53	1.10
125.95	3	0.62
139.09	51	0.52
656.36	28	0.86
132.54	3	0.75
312.57	11	0.90
510.86	12	1.29
632.66	11	0.75
641.90	51	0.68
321.44	3	0.82
581.88	16	1.49
499.12	7	1.31
72.98	7	0.98
262.42	56	1.42
130.81	12	0.86
150.25	58	1.12
460.31	21	0.95
700.10	32	1.47
521.29	21	1.18
261.52	44	0.72
187.96	12	0.99
433.38	4	1.17
520.25	40	0.95
708.14	30	1.11
267.22	54	1.30
271.90	3	0.90
149.30	4	1.29
10.91	5	0.70
637.32	8	0.59
474.80	53	1.35
556.04	5	0.58
680.60	23	1.07
711.08	9	1.27
710.64	29	1.45
143.42	2	0.78
466.02	5	0.89
658.73	42	0.86
300.89	28	1.05
607.74	29	0.57
56.10	37	1.31
588.16	1	0.68
33.61	12	1.44
389.54	12	0.62
419.95	9	0.88
443.45	47	1.02
352.87	60	0.88
494.19	3	1.07
328.70	44	1.49
302.08	7	0.60
439.27	43	0.95
405.76	48	1.39
348.31	11	1.43
445.79	3	0.94
267.51	11	0.72
557.88	22	0.61
329.12	38	0.69
549.69	1	1.00
505.29	13	1.13
435.41	1	1.18
377.63	23	0.80
70.94	28	1.30
436.96	34	0.91
418.02	29	0.83
689.89	57	1.01
96.34	28	1.21
471.61	23	0.86
219.24	26	0.66
684.62	30	0.74
386.14	1	0.91
320.49	37	1.43
176.14	12	1.31
588.84	7	1.42
707.29	54	0.79
252.86	15	1.22
219.71	3	1.26
642.61	38	0.73
646.22	12	1.23
686.56	47	0.86
588.67	11	1.43
226.61	17	1.46
587.43	8	0.78
34.58	18	1.24
440.67	23	0.86
459.37	2	0.94
21.08	24	1.08
501.43	24	0.51
68.32	5	1.13
668.86	6	1.38
12.21	14	1.16
235.83	17	0.85
64.30	10	0.58
227.88	2	1.33
430.44	24	0.65
327.29	18	0.97
436.77	10	0.68
617.99	3	1.35
233.04	39	0.80
90.45	10	1.00
507.32	11	1.41
682.93	6	1.36
33.52	56	0.60
458.90	8	0.87
528.14	57	0.93
163.82	12	1.20
458.75	2	1.18
165.38	56	0.52
697.69	11	1.23
204.32	40	0.79
632.13	18	1.25
112.12	23	1.50
189.61	39	0.96
439.83	30	0.88
412.78	41	0.72
656.33	44	0.94
131.23	39	0.67
45.92	44	1.21
468.03	2	0.51
343.67	48	0.95
1.86	1	1.45
394.43	12	1.01
78.36	26	1.06
447.33	58	1.00
79.43	12	1.41
637.93	31	1.21
205.84	1	1.07
264.02	37	0.94
71.56	21	0.97
194.52	10	1.11
715.55	11	1.19
336.19	25	0.51
22.54	3	1.47
630.40	39	0.80
547.77	49	0.95
82.83	27	0.94
487.05	17	1.03
206.35	13	0.70
264.53	31	1.47
146.64	16	0.87
149.48	52	0.63
291.72	23	0.70
494.54	19	0.53
536.27	16	1.31
66.10	3	1.43
166.56	54	1.03
331.91	10	0.81
443.26	8	0.64
477.60	38	1.23
442.18	10	0.98
236.38	7	1.37
680.97	43	0.68
316.52	1	0.53
550.70	29	0.68
265.62	6	1.37
459.05	1	0.82
147.43	33	0.65
202.29	39	0.75
394.49	9	1.16
155.94	5	1.17
331.56	19	1.43
467.50	24	0.52
196.47	8	0.83
442.70	41	1.09
536.73	37	1.01
69.09	44	0.59
48.77	7	1.32
253.59	19	1.35
426.32	8	0.95
133.45	53	0.79
8.88	39	1.08
533.62	50	1.01
663.10	47	0.97
414.48	25	0.98
167.85	36	1.50
182.22	22	1.00
401.84	21	1.39
280.82	5	1.09
563.32	51	1.03
570.27	6	1.02
439.83	33	1.08
298.99	9	1.32
617.87	8	0.62
669.10	2	0.74
360.77	60	0.75
651.03	5	0.88
220.40	26	0.63
24.26	42	0.81
662.55	12	1.46
583.12	26	0.57
524.78	26	1.32
512.80	42	1.18
492.24	22	1.41
123.51	42	0.71
226.03	32	1.19
265.23	10	0.85
409.10	53	1.30
186.51	18	0.99
17.81	4	1.24
170.88	11	1.49
137.05	37	0.97
708.65	4	0.83
287.15	12	1.41
568.02	36	1.21
164.85	56	1.31
399.79	11	1.25
420.34	36	0.97
703.52	5	1.25
713.59	34	1.49
87.43	26	0.61
398.04	26	0.58
44.76	25	0.65
529.34	57	1.16
141.60	12	1.38
395.49	1	1.49
493.18	14	1.21
183.88	39	0.55
252.86	47	1.29
299.34	48	0.99
436.13	4	1.31
155.53	4	0.93
579.86	59	0.56
669.07	22	0.72
492.88	6	1.33
314.50	11	1.40
209.94	31	0.91
386.11	7	1.27
257.99	3	1.24
659.59	12	1.35
677.13	15	0.65
359.77	42	0.52
77.10	45	0.81
616.80	11	0.94
375.13	8	0.62
638.09	1	0.84
191.71	1	1.02
592.55	49	1.05
640.04	28	1.49
584.50	3	1.18
40.16	9	0.68
76.96	57	1.11
337.54	22	0.55
720.73	37	0.96
272.81	3	0.87
367.41	9	1.11
9.85	32	1.04
621.84	4	0.91
506.72	33	1.37
373.15	7	1.02
447.25	51	1.26
40.02	22	0.67
177.78	56	0.55
56.64	47	0.50
528.87	19	0.98
481.25	3	0.79
324.74	12	1.22
611.28	40	0.87
294.99	50	0.70
172.27	31	1.41
421.02	59	1.20
193.29	13	0.98
482.44	3	0.55
96.66	1	1.42
709.08	54	0.63
375.90	49	0.87
573.59	59	1.31
686.50	14	0.72
168.78	44	0.77
161.63	23	0.73
490.40	3	1.21
623.25	3	0.77
499.04	5	1.12
346.75	8	1.49
603.16	2	0.69
354.77	4	0.79
185.97	14	1.01
123.25	16	0.73
195.13	40	1.33
577.20	3	0.59
174.52	9	0.99
317.18	4	0.97
382.50	25	0.82
26.28	10	1.36
371.05	2	1.47
571.09	7	1.35
669.51	18	1.19
570.83	48	0.83
132.21	5	1.49
61.87	57	0.61
332.60	10	0.61
49.40	19	0.77
701.21	43	0.92
159.90	11	1.05
61.51	12	0.61
380.41	51	0.97
604.20	50	0.75
360.02	60	1.42
232.24	53	0.51
362.88	9	1.33
584.59	9	0.98
568.18	56	1.46
123.76	13	0.51
715.06	16	1.47
449.97	56	0.57
507.30	52	0.55
341.94	7	0.85
173.20	51	1.23
84.02	3	0.52
640.96	51	0.78
548.92	60	1.49
167.25	8	0.79
677.75	25	1.22
325.35	3	0.85
88.39	18	1.12
412.17	10	0.55
145.30	16	1.49
448.68	8	1.17
74.53	1	0.68
298.06	2	1.17
75.28	25	1.09
557.59	5	0.58
425.18	43	0.58
62.24	3	1.37
290.52	35	1.10
241.48	38	0.68
657.78	29	1.21
710.87	12	0.59
155.50	53	0.70
85.82	32	1.14
718.51	35	1.17
93.25	9	1.14
354.73	28	0.87
697.59	5	1.26
632.53	20	0.80
686.92	7	1.45
277.91	1	0.77
495.13	6	1.44
590.75	12	0.80
517.93	38	1.48
381.79	29	1.26
47.54	49	1.00
53.06	44	1.37
144.36	2	1.37
571.00	9	0.64
429.48	57	0.83
626.40	44	0.90
194.42	3	1.39
215.57	26	0.89
536.78	23	1.19
262.46	30	0.70
300.24	6	1.16
615.75	25	0.83
442.80	13	0.70
558.90	1	0.70
670.58	43	1.05
118.06	30	0.95
26.36	8	0.87
153.68	33	0.66
548.90	14	0.85
648.68	58	1.42
487.17	43	1.38
80.23	51	1.06
446.48	37	1.11
553.73	5	1.50
223.40	16	1.14
711.26	3	1.25
445.10	52	0.89
235.44	1	0.89
223.28	51	1.50
537.85	3	0.96
561.13	29	0.92
171.45	3	0.68
47.04	46	1.20
150.52	32	1.45
380.73	43	0.73
463.71	55	0.81
246.82	46	1.35
494.74	56	0.99
324.61	10	1.19
607.89	16	1.17
401.32	12	0.74
703.37	27	1.21
30.65	10	1.14
278.72	1	0.96
187.73	3	0.88
660.64	24	1.27
326.83	29	1.49
15.20	7	1.03
474.07	12	1.36
487.71	33	0.60
187.14	2	0.94
128.47	8	1.46
646.14	8	0.76
7.66	50	0.91
478.07	46	0.94
425.10	10	1.44
425.47	10	0.77
644.64	3	1.03
279.19	36	0.58
141.54	14	1.05
280.10	28	0.56
252.77	58	1.31
187.25	52	1.26
199.36	25	1.35
22.20	46	1.05
260.84	33	0.81
109.22	44	0.57
216.62	8	0.64
172.25	30	1.05
371.91	30	1.00
392.37	24	0.96
289.89	49	0.70
176.89	6	0.58
367.08	52	1.11
496.89	10	1.25
134.90	33	1.37
480.24	28	1.09
14.59	7	1.05
676.17	27	0.81
290.05	30	0.58
207.95	44	1.28
564.01	1	0.82
659.00	10	0.55
32.61	37	0.75
13.91	14	1.21
565.96	2	0.80
618.80	46	0.91
537.65	3	1.46
587.78	8	0.72
220.75	16	1.11
140.79	13	0.73
368.79	10	1.25
141.25	44	1.12
636.99	52	0.89
470.63	6	0.66
67.90	55	1.04
585.33	47	1.39
297.74	38	0.77
129.85	52	0.72
97.17	24	0.67
620.97	6	0.59
282.84	16	1.03
500.56	38	1.10
355.66	20	1.09
453.84	19	0.63
130.84	5	1.28
390.90	19	1.45
74.42	4	1.32
684.79	10	1.50
110.26	47	0.90
650.02	6	0.64
573.38	11	0.91
114.80	51	1.01
544.71	42	0.82
309.90	12	1.05
54.71	14	1.49
138.36	47	1.48
530.61	41	0.95
105.93	12	1.00
526.18	31	1.10
713.47	11	1.16
262.00	7	1.16
532.16	42	1.10
515.37	32	1.41
608.13	45	1.34
488.33	1	0.80
61.22	33	0.50
125.20	6	0.77
229.41	56	1.06
210.88	11	1.05
216.53	5	0.55
570.42	32	1.22
357.09	11	0.84
561.18	37	0.70
178.97	35	1.47
135.70	5	1.36
691.37	18	1.38
666.73	51	1.00
635.65	5	1.40
563.28	9	0.71
294.64	40	0.58
588.65	12	1.10
562.98	29	1.31
310.67	12	0.61
208.78	15	0.86
217.58	36	1.32
699.97	32	1.45
30.11	12	1.01
274.92	9	1.09
284.15	7	0.59
357.87	55	0.98
232.85	9	0.53
55.04	11	0.74
625.59	8	1.16
130.20	1	0.58
223.29	13	0.58
429.04	11	1.12
192.31	2	0.91
15.24	15	1.31
68.19	55	1.26
349.15	13	0.95
207.97	49	0.99
147.31	27	1.36
565.64	60	1.46
330.97	7	0.76
646.90	2	0.69
125.31	5	0.77
25.96	1	0.51
441.91	52	1.19
190.02	7	1.19
635.00	39	1.21
314.09	42	0.94
607.35	1	1.17
636.60	12	1.12
401.96	36	1.16
289.27	25	0.64
591.45	60	1.39
62.27	7	1.03
131.66	35	1.47
518.06	1	1.18
278.04	11	0.84
235.43	43	1.28
469.19	6	1.10
651.76	45	1.41
243.09	47	1.21
594.56	1	1.12
338.08	11	0.73
511.28	3	0.59
290.37	1	1.05
21.85	60	0.78
192.28	5	0.77
241.53	6	1.41
67.20	44	0.79
59.73	58	1.07
211.04	1	0.97
300.12	56	1.31
631.65	25	1.48
490.41	8	0.62
69.29	28	1.28
341.90	12	1.09
284.25	42	0.67
111.38	13	0.98
312.82	8	1.26
510.07	18	0.82
6.42	11	0.54
597.18	8	1.04
653.40	2	1.30
2.63	8	1.31
638.89	3	0.78
90.73	6	1.24
552.24	1	0.97
109.58	9	1.41
350.26	60	1.31
526.54	45	0.94
643.21	24	1.15
617.56	6	1.50
378.37	57	0.52
169.54	12	1.37
636.73	52	0.70
285.03	53	0.97
674.98	1	0.97
349.28	22	0.95
101.32	28	0.83
438.56	5	1.19
195.08	23	1.11
84.61	39	0.59
320.69	24	1.22
359.96	51	0.71
93.97	8	0.64
469.50	55	1.31
418.58	4	0.62
137.76	45	1.39
702.42	39	0.61
413.72	52	0.50
525.36	35	0.58
283.04	2	0.78
13.98	21	1.29
414.81	7	0.71
220.98	3	1.17
483.42	32	1.01
333.65	33	0.71
467.28	44	0.82
222.06	1	1.45
613.09	55	0.55
241.23	35	0.99
638.64	22	1.13
75.89	7	0.65
301.00	3	0.62
59.34	27	0.97
69.58	29	1.42
107.68	26	1.12
453.17	11	1.47
413.68	57	1.33
424.76	30	0.62
401.74	54	1.34
71.11	56	1.38
204.31	46	0.91
597.39	42	1.45
697.73	16	0.94
242.43	5	0.87
553.71	19	0.65
17.84	10	0.73
456.16	11	0.56
274.80	22	0.83
537.76	26	1.33
74.60	36	0.94
289.69	31	1.19
360.14	11	0.75
468.05	28	1.43
520.10	49	1.19
528.68	23	0.61
471.37	45	1.07
380.28	56	1.28
500.41	2	0.72
57.57	15	0.66
608.00	5	0.66
60.47	9	0.99
549.16	8	0.87
634.73	1	0.62
467.20	4	1.31
279.82	4	0.78
243.92	44	1.11
386.02	30	1.03
67.57	5	0.55
571.00	51	1.44
599.40	46	0.80
505.81	2	0.58
423.73	59	1.38
531.58	5	1.16
234.54	56	0.87
418.35	5	0.87
149.06	56	1.16
636.40	8	1.18
113.94	29	0.61
297.87	9	0.74
657.09	11	1.44
491.89	1	0.72
529.57	12	1.26
212.12	58	1.04
150.04	34	1.42
82.73	10	0.75
481.14	53	1.35
119.80	2	0.87
675.68	12	1.28
502.97	38	1.23
621.01	30	1.01
327.28	11	1.50
50.96	3	1.34
344.86	8	0.73
76.85	19	0.82
119.41	42	0.54
280.16	6	0.53
483.62	37	0.71
254.07	9	1.26
335.67	18	1.22
387.92	26	1.19
170.17	8	0.91
309.00	31	1.05
502.28	59	1.45
500.23	21	0.97
507.58	15	0.84
607.90	34	1.43
323.75	7	0.53
162.81	6	1.29
120.73	12	0.92
169.35	49	1.43
611.76	46	1.40
198.82	37	1.16
648.97	57	0.99
410.99	48	1.04
404.80	22	1.30
71.11	8	1.27
279.93	4	1.07
266.73	25	0.81
98.95	5	1.38
382.40	41	0.68
132.32	59	0.87
461.68	6	1.14
243.21	37	0.66
669.83	15	1.15
635.27	9	1.08
680.03	1	0.84
561.65	13	0.79
231.74	12	0.95
472.42	25	0.61
491.93	21	1.39
314.36	3	1.15
684.30	17	0.92
467.42	18	1.12
687.24	12	1.11
79.88	10	0.96
644.81	33	1.39
49.92	59	1.23
103.22	60	0.62
656.78	5	0.55
641.00	19	0.94
15.13	7	1.40
544.45	11	0.69
696.85	15	1.11
121.33	35	0.82
417.43	36	0.92
140.66	38	1.21
271.07	4	0.60
162.86	58	0.69
686.62	37	1.32
462.62	56	1.45
186.77	43	0.68
516.84	11	1.07
81.26	46	0.77
692.07	13	0.90
371.59	3	0.86
45.02	19	1.24
235.01	36	0.51
275.69	26	0.51
497.71	26	1.44
78.49	8	0.80
350.65	34	0.89
9.15	18	0.52
557.74	29	1.18
672.51	32	0.65
216.57	44	1.19
47.92	2	0.61
705.13	28	0.75
635.54	57	1.49
119.17	10	1.40
616.36	49	1.33
144.30	57	1.47
180.61	48	1.00
359.55	28	1.33
557.50	24	1.48
245.94	26	0.71
361.59	44	1.11
286.10	2	0.82
642.41	41	1.46
537.02	5	1.11
341.74	45	1.24
127.11	13	0.92
340.98	34	1.30
576.35	24	0.98
408.46	22	1.30
381.72	11	0.50
718.27	16	1.00
499.40	41	0.57
605.18	12	0.63
508.39	59	1.21
533.13	16	0.51
632.03	9	1.38
303.32	5	0.92
466.26	35	1.03
166.61	43	1.03
568.43	36	0.75
613.62	10	1.15
10.18	29	0.51
562.34	3	0.98
638.77	16	0.78
185.42	7	0.51
210.80	20	1.11
561.44	57	1.22
326.66	18	0.70
116.84	14	0.91
377.20	51	1.25
692.97	2	0.78
633.41	11	1.36
22.40	10	1.32
651.21	23	1.42
373.58	59	0.53
42.96	10	1.12
555.70	4	0.68
526.82	14	1.22
617.81	3	1.11
207.20	44	0.50
153.74	21	0.62
518.52	49	1.41
109.84	7	1.29
218.22	25	0.87
164.89	4	0.90
605.45	37	1.38
324.66	5	0.81
662.05	38	0.71
172.72	37	1.07
650.62	34	0.71
540.50	35	0.93
716.03	25	0.94
193.51	8	0.73
188.32	19	1.46
31.45	58	0.88
476.33	57	0.78
536.25	56	0.91
585.26	54	1.34
484.12	14	0.72
64.03	2	0.73
260.94	13	0.82
456.27	33	0.94
494.45	37	1.32
178.39	39	0.79
46.78	2	1.26
658.25	50	1.44
328.60	3	1.18
63.41	55	1.20
283.78	34	0.79
118.74	1	1.03
291.35	37	0.79
338.96	38	1.27
132.74	7	0.87
446.28	5	0.65
65.52	7	0.62
358.76	30	0.53
712.93	11	0.88
230.48	34	1.14
258.06	1	0.52
623.72	7	1.10
571.23	24	1.21
285.32	12	0.50
446.06	10	0.67
572.40	6	1.31
580.12	48	0.60
95.38	39	1.02
707.85	2	0.76
411.09	12	1.47
310.01	6	1.21
493.22	52	0.70
557.01	58	1.48
676.78	44	0.52
67.10	27	1.41
64.38	58	1.23
204.98	10	0.61
263.35	16	1.19
446.88	18	0.90
650.54	14	0.62
480.73	47	1.47
211.31	5	0.57
222.81	6	0.63
249.24	27	1.24
712.40	40	0.71
583.04	10	1.26
557.41	2	0.78
676.23	12	1.01
596.81	44	0.96
235.93	54	0.57
165.25	21	0.59
572.76	38	0.52
72.23	34	1.06
7.88	28	1.31
625.39	58	0.52
696.58	53	0.63
251.81	6	1.34
385.45	26	0.96
676.79	4	1.37
97.03	55	0.95
46.23	17	0.78
609.15	8	1.28
296.72	19	0.63
412.38	1	0.91
281.60	25	1.22
327.55	8	0.88
673.60	58	0.57
710.15	60	0.60
317.31	53	0.89
323.47	37	1.46
668.62	21	1.27
575.84	2	0.58
92.12	44	1.04
565.72	9	0.69
447.31	54	1.27
443.79	36	1.12
643.07	58	0.87
362.90	10	0.85
657.57	17	0.74
380.52	32	0.62
103.46	48	0.64
391.26	49	0.98
517.26	52	0.88
651.13	9	1.13
51.02	20	1.33
314.71	4	1.21
215.15	1	1.08
377.57	29	0.60
278.90	9	0.75
418.59	13	1.19
250.77	10	0.84
233.37	59	1.06
451.34	53	1.11
448.30	10	0.76
612.17	35	0.80
289.66	57	0.65
115.11	46	0.61
531.11	5	1.23
87.53	6	1.36
133.63	34	0.78
572.16	2	0.59
578.25	2	0.80
169.44	16	0.82
244.54	53	1.20
206.45	34	1.21
322.80	8	1.37
276.75	31	1.14
328.74	23	1.03
75.11	53	1.50
319.75	21	1.22
690.59	22	0.78
2.63	4	0.61
99.99	38	0.57
361.32	45	1.05
658.18	22	1.20
645.01	11	0.50
312.14	17	0.89
13.02	33	1.03
500.43	5	1.03
13.45	11	1.30
220.30	7	0.84
607.51	18	1.05
243.06	6	0.60
156.64	7	1.22
695.44	14	1.01
337.32	42	0.86
581.46	11	1.27
590.01	24	0.67
248.74	9	1.45
58.60	44	0.56
160.83	12	1.38
84.80	50	1.36
112.89	3	1.33
607.08	35	0.55
601.04	36	0.50
282.59	11	0.79
655.04	9	1.05
473.39	8	0.65
589.19	60	1.18
567.61	42	0.88
641.78	7	1.46
703.67	58	0.89
587.13	26	0.85
547.82	34	0.87
314.27	18	1.20
448.71	11	1.16
457.02	11	0.81
645.64	24	0.88
384.51	24	1.40
473.76	3	1.17
713.82	11	1.26
501.84	49	0.72
337.86	3	1.05
389.00	59	0.63
43.41	46	1.12
330.81	25	1.44
331.54	4	0.54
564.76	10	0.79
571.43	48	0.72
76.72	31	1.16
108.00	48	0.96
167.57	10	1.17
273.39	19	1.35
479.65	8	0.94
11.45	16	1.23
315.11	21	1.37
298.42	42	1.28
406.04	8	0.67
557.25	22	0.84
528.24	39	1.25
698.59	20	0.74
336.07	6	1.01
608.82	15	0.68
226.30	3	0.84
569.04	45	0.90
249.08	38	1.43
308.51	17	1.43
169.26	34	1.35
285.89	59	1.23
60.24	56	1.18
300.34	46	1.34
182.07	53	1.36
232.57	1	1.35
607.48	46	0.68
654.98	58	0.78
286.70	60	0.92
129.07	3	1.11
128.67	1	1.43
225.70	30	1.24
517.75	1	1.17
701.58	22	1.28
452.48	43	0.63
330.82	37	0.54
266.89	11	1.23
595.17	11	0.62
719.22	46	0.87
646.18	22	1.03
352.03	52	1.00
626.82	28	1.22
554.18	1	0.59
72.24	38	0.65
516.94	10	0.85
156.32	6	1.33
134.74	10	1.39
116.67	29	0.66
382.48	40	1.18
231.21	26	1.03
715.34	31	1.07
478.12	54	1.07
350.71	39	1.44
83.19	17	1.26
710.83	44	1.19
209.67	30	1.13
459.16	9	0.76
602.78	39	1.00
376.78	55	0.57
378.73	2	0.80
586.08	11	0.52
568.88	43	0.74
246.38	32	0.75
396.59	7	1.39
143.17	35	0.98
699.80	38	1.46
542.08	27	1.25
341.42	51	1.08
484.20	1	1.00
684.32	50	0.91
4.73	46	1.00
643.72	28	1.29
316.06	25	1.31
374.24	19	0.95
109.62	41	1.17
394.28	6	0.89
380.66	1	1.50
301.51	38	0.98
200.85	59	0.84
504.16	19	0.99
681.95	33	1.25
191.41	16	1.39
484.23	31	0.72
623.71	14	0.78
620.83	1	1.36
151.05	55	0.51
488.44	49	0.57
61.06	31	1.26
435.47	11	1.17
26.96	5	1.26
91.68	2	1.48
150.20	20	1.43
655.01	44	0.88
169.88	6	0.52
8.97	52	1.31
185.90	3	1.03
393.94	6	1.09
335.29	12	1.49
423.23	11	1.22
27.57	34	0.80
535.08	4	1.02
483.44	32	1.25
74.55	6	0.83
129.90	7	0.54
155.37	3	1.00
535.79	18	1.10
687.19	8	0.83
424.18	56	0.62
248.44	11	1.49
176.80	49	1.10
331.03	25	1.18
244.46	12	0.56
164.67	2	1.37
375.18	14	1.16
6.29	12	0.63
616.24	5	1.29
147.97	49	1.36
603.02	11	1.04
37.11	9	1.14
527.72	17	0.95
616.22	38	0.90
55.74	44	0.90
642.43	6	1.48
590.18	3	0.75
265.23	5	0.87
651.42	6	0.63
193.36	52	0.52
554.45	22	0.77
581.57	5	1.02
712.63	31	0.82
263.00	57	1.39
202.97	7	0.64
140.33	58	0.85
530.52	26	1.19
315.19	5	1.19
606.32	31	1.30
148.05	43	1.49
277.15	59	1.18
486.14	60	0.55
513.46	57	1.20
92.53	50	1.28
494.15	19	1.42
477.23	2	0.70
66.86	45	1.18
212.92	12	1.27
577.24	4	0.73
352.35	1	0.90
641.50	34	1.44
648.75	11	0.57
537.50	11	0.98
335.12	2	1.17
703.67	32	1.06
154.64	33	1.41
492.44	21	0.98
504.12	60	0.96
715.04	19	1.13
251.69	48	1.45
491.54	12	1.42
461.70	11	1.05
116.69	17	1.39
100.32	12	0.91
669.85	1	1.38
311.95	28	0.56
344.86	3	0.55
676.21	21	1.07
162.66	26	0.59
196.38	41	0.80
285.35	50	0.88
718.79	18	0.90
409.72	1	0.61
326.97	19	0.94
256.76	39	0.61
502.32	26	1.15
216.78	3	0.67
506.68	8	1.29
137.18	4	1.24
542.90	30	0.99
245.21	4	0.68
174.43	6	1.32
65.73	10	1.24
357.76	24	1.32
648.08	2	1.22
76.81	59	0.75
643.13	36	1.01
666.29	24	0.65
2.26	2	0.84
607.08	1	0.53
714.60	7	1.41
188.11	9	0.79
171.18	14	1.33
657.71	5	1.35
462.99	57	1.22
432.79	4	0.54
252.70	6	1.25
44.22	1	0.81
292.79	13	0.98
322.86	28	0.99
12.38	5	0.62
526.46	4	0.55
479.77	2	0.97
586.50	11	0.87
567.35	60	0.93
9.16	11	1.42
204.86	4	1.43
181.95	30	0.64
26.59	8	0.79
209.29	37	0.57
348.87	9	1.00
528.15	8	0.58
378.81	45	0.79
502.75	6	1.18
658.04	2	1.39
437.20	20	0.51
603.09	59	0.79
131.66	41	1.32
351.40	10	1.10
383.60	27	1.40
212.49	12	1.15
14.87	56	1.26
85.96	24	1.04
343.87	54	0.68
637.20	29	1.39
697.24	6	1.06
307.89	10	0.79
577.18	11	1.43
403.86	39	0.78
569.03	25	0.93
132.27	19	0.75
227.81	59	0.57
437.06	11	1.05
659.06	2	0.77
243.98	31	0.60
278.06	60	1.11
453.62	9	0.58
201.35	33	1.34
452.71	25	0.81
407.62	12	1.42
610.36	4	0.70
557.86	16	1.03
696.40	29	0.65
432.04	54	1.35
195.01	31	0.86
633.20	59	1.46
686.78	2	1.36
158.46	56	0.83
281.74	10	0.91
48.61	21	1.37
406.28	4	0.85
580.72	43	0.80
428.19	59	0.51
334.76	60	0.67
68.22	28	0.61
625.83	47	0.61
187.58	5	1.00
564.06	45	1.33
196.07	44	1.12
418.91	27	1.09
619.55	4	0.94
613.08	29	1.14
184.09	7	1.45
351.05	59	1.27
352.23	2	0.61
166.02	56	1.40
369.03	33	0.77
512.08	21	0.82
140.99	7	1.24
534.75	27	0.87
467.93	40	0.97
307.92	7	0.89
635.82	15	0.70
684.84	25	0.76
421.89	37	0.78
634.21	52	1.23
7.74	51	0.99
434.52	1	1.16
99.33	31	1.38
377.78	19	1.14
244.01	2	1.36
422.48	2	1.40
548.10	29	0.89
547.05	40	0.56
381.35	15	0.73
217.83	43	0.72
317.95	49	0.90
152.38	12	1.28
472.02	8	0.50
402.85	6	0.57
324.44	7	1.34
469.94	17	0.50
511.18	57	0.97
66.64	7	0.73
202.51	18	1.15
16.05	56	0.74
303.47	28	1.00
310.47	46	1.37
494.41	44	1.25
508.13	11	0.62
433.28	2	1.10
581.90	22	0.61
585.18	42	0.98
643.04	34	1.36
419.15	34	0.70
112.92	6	0.81
655.42	55	0.90
217.43	1	1.13
372.89	32	0.51
259.82	1	1.33
512.21	13	1.07
71.40	2	1.36
687.04	3	1.31
221.72	20	1.41
527.91	9	0.75
456.72	36	1.13
656.75	4	1.29
303.16	28	0.66
363.26	8	1.20
95.64	32	1.31
67.34	58	1.28
298.46	60	0.72
431.54	5	0.81
110.62	3	0.71
56.39	47	1.38
406.54	51	0.95
680.50	1	1.37
312.69	3	0.94
71.42	60	1.41
701.73	38	1.27
72.77	30	0.71
283.18	38	1.47
374.35	9	1.26
188.69	27	1.48
145.80	25	1.25
457.67	27	1.45
610.31	10	0.54
58.62	28	0.99
184.12	3	0.68
678.21	56	1.40
452.23	26	0.61
320.92	21	0.75
208.86	1	1.41
328.09	45	0.61
43.84	48	0.90
226.23	14	0.97
452.03	4	1.23
524.86	23	0.70
692.07	12	1.09
174.16	57	0.76
61.23	46	1.04
553.67	3	0.75
677.88	14	1.16
175.38	7	0.97
335.31	10	0.53
97.72	11	0.65
316.49	10	1.41
268.00	4	0.95
237.93	41	0.85
124.84	49	0.61
15.81	2	1.03
196.25	1	1.26
688.73	34	0.60
180.67	52	0.82
372.99	46	1.16
507.68	56	1.19
148.58	8	1.42
515.00	1	1.24
220.13	4	0.74
646.36	36	0.50
165.10	1	1.50
658.77	10	1.10
15.47	29	0.72
517.65	54	1.48
637.53	4	1.24
65.93	5	0.88
587.44	11	1.09
97.81	10	0.72
662.49	55	1.28
53.06	6	0.67
564.30	8	0.63
153.59	30	0.79
40.04	39	0.74
706.45	5	0.77
127.71	6	1.25
686.07	8	1.15
178.38	19	0.72
523.86	5	0.97
525.62	20	0.75
669.29	7	0.81
364.00	7	0.61
42.92	1	0.84
108.38	8	1.40
490.64	23	0.89
21.96	60	1.45
172.57	11	1.03
366.20	1	0.70
20.35	10	1.31
80.61	13	0.94
267.17	42	0.89
165.46	50	1.29
490.24	9	0.54
600.25	21	0.76
654.18	12	0.87
459.89	34	0.60
437.11	30	0.87
438.31	55	0.58
378.53	1	1.29
92.16	1	0.79
398.49	6	1.28
590.82	12	1.37
493.13	7	1.12
407.09	11	0.85
530.15	5	0.77
454.52	20	1.24
393.98	45	1.34
208.83	44	0.65
165.16	12	1.05
470.88	4	0.51
716.03	28	0.61
480.86	10	1.03
301.02	5	0.98
331.09	15	1.01
246.41	4	1.21
404.66	6	1.27
13.45	9	1.00
544.07	10	0.91
182.75	41	1.26
141.60	37	1.11
140.48	3	0.97
250.35	4	1.35
328.65	46	1.09
695.83	8	1.42
563.77	11	1.12
477.76	9	1.38
248.84	54	0.60
506.89	14	0.96
100.56	1	1.07
376.36	32	0.78
446.75	6	1.33
53.64	4	0.64
367.06	47	0.67
38.54	1	0.98
224.96	22	0.82
711.02	60	0.80
439.71	54	0.94
163.74	4	1.00
423.00	7	1.08
494.54	41	0.58
260.98	33	1.02
566.03	15	0.53
234.13	1	0.80
260.15	8	0.81
85.74	35	0.60
233.76	41	0.88
320.61	59	0.73
28.70	58	0.94
403.85	26	1.40
178.92	9	1.18
315.27	57	0.74
409.53	32	0.98
568.18	3	1.50
528.43	39	1.10
194.66	33	0.59
194.17	12	0.98
595.64	27	1.33
425.43	39	0.75
345.38	13	0.85
98.37	36	1.36
319.84	5	0.79
91.93	5	1.33
119.16	12	0.82
216.56	4	0.84
525.47	33	1.01
661.21	42	0.68
602.04	28	1.46
291.83	27	0.80
439.61	16	1.13
349.81	4	0.86
45.96	49	1.20
628.59	8	0.85
498.13	3	0.53
53.38	20	1.03
7.53	15	0.77
155.47	2	0.60
601.43	34	0.90
605.77	6	1.18
47.21	35	0.66
647.67	39	1.25
45.39	60	1.07
707.93	43	0.88
87.58	45	0.60
222.21	2	0.77
368.77	55	0.54
525.79	12	1.02
101.54	40	1.24
255.01	4	1.04
307.48	32	1.22
387.81	5	1.40
241.42	31	0.79
618.78	1	0.68
487.31	9	0.59
331.18	15	0.66
549.67	2	0.75
428.67	5	1.42
478.99	4	0.60
369.40	24	0.51
596.87	17	0.94
522.11	6	0.67
375.43	7	0.89
355.75	55	0.71
177.19	1	1.05
297.36	54	1.05
693.48	60	1.12
606.28	42	1.17
519.96	3	0.84
537.24	5	0.74
561.11	10	1.48
193.22	13	0.94
490.74	39	0.53
510.57	44	0.80
610.45	32	0.64
284.76	7	1.33
381.29	41	0.93
284.51	21	1.23
330.87	50	0.85
279.03	10	1.20
193.70	8	1.42
22.78	3	0.61
676.55	5	0.77
525.45	5	1.04
435.87	43	1.44
232.59	31	1.04
495.68	6	0.79
166.11	57	0.77
452.49	49	0.78
469.15	59	0.83
373.45	8	0.76
471.93	46	1.50
7.10	24	0.97
655.07	51	0.51
2.86	4	1.25
1.36	7	0.99
718.17	60	1.07
7.97	28	1.49
30.14	2	1.06
424.80	46	1.49
447.48	7	1.11
711.36	11	0.52
690.96	60	1.01
449.21	20	1.20
146.91	1	0.61
551.35	4	1.21
346.93	39	0.82
123.38	49	0.78
255.82	5	1.13
663.72	58	1.43
631.29	54	0.66
37.62	51	0.67
449.07	5	0.56
59.69	3	1.41
242.71	22	1.22
604.28	5	0.81
478.75	13	1.30
577.15	37	0.74
137.52	53	1.11
129.62	40	1.24
640.45	13	0.70
94.50	56	0.61
708.62	13	0.81
155.63	3	0.91
166.88	51	0.63
9.74	49	1.28
63.51	9	0.86
7.10	28	1.00
441.21	6	0.75
115.46	31	1.33
370.99	5	0.76
39.40	3	1.36
287.62	31	0.91
432.45	22	0.65
474.61	1	0.98
338.25	12	0.54
593.53	47	1.10
365.58	21	1.38
549.18	59	0.67
60.85	33	0.53
287.16	3	0.98
82.79	27	0.86
491.63	3	0.86
505.79	9	1.49
404.24	19	1.34
551.08	12	1.24
229.94	3	0.88
496.87	6	0.58
697.58	12	1.33
495.11	45	1.14
633.73	5	0.98
673.59	59	0.75
192.93	2	1.02
687.62	36	1.22
703.02	1	0.82
395.99	24	1.24
428.48	22	1.48
69.03	6	0.68
84.55	10	0.85
418.35	47	1.11
99.73	8	0.82
301.93	13	1.11
512.02	55	1.46
123.60	53	0.60
360.35	54	0.88
282.80	7	1.16
15.72	60	0.86
319.60	6	0.51
83.61	23	1.35
418.25	6	0.67
180.77	19	1.37
532.41	2	1.29
316.59	55	1.41
671.89	16	0.55
440.30	12	0.77
72.40	48	1.07
175.61	30	0.95
428.90	11	1.22
705.64	43	1.12
484.78	54	1.01
434.46	16	0.97
490.17	1	0.57
375.21	50	0.62
411.00	7	1.45
511.58	50	0.79
598.34	24	1.15
504.93	16	1.39
273.85	48	1.08
294.28	58	1.08
40.80	46	0.65
44.04	10	0.65
309.43	25	0.54
598.04	38	0.61
292.19	59	0.61
142.09	39	1.10
106.67	37	1.37
566.99	58	0.77
443.29	7	1.11
578.86	50	0.86
704.96	11	1.37
370.28	13	0.72
216.70	3	0.54
666.60	7	0.53
397.01	10	1.35
26.42	6	0.89
511.00	24	1.47
672.30	50	1.32
649.00	36	1.37
629.59	51	0.59
304.96	11	1.02
594.91	34	1.20
107.19	38	0.58
719.41	9	0.82
557.48	5	0.67
249.90	24	0.54
548.13	5	0.74
281.46	44	0.58
134.59	12	0.67
243.88	2	1.40
639.20	20	0.91
183.66	29	1.08
121.97	54	0.76
556.41	3	1.03
434.16	13	0.74
491.80	24	0.82
112.13	9	0.95
170.81	47	1.44
14.42	3	1.47
140.09	38	0.64
415.83	44	1.43
397.56	25	0.98
579.54	19	1.48
347.91	2	1.02
154.52	8	1.08
10.30	48	0.52
713.66	49	0.86
605.73	10	0.58
249.58	9	0.99
422.02	8	1.31
125.26	7	1.27
564.21	32	1.27
334.89	11	1.44
125.55	9	0.53
660.26	1	1.11
690.75	3	1.09
616.09	7	0.74
471.43	51	1.20
629.13	41	1.37
559.95	10	0.75
266.25	11	0.74
386.82	19	0.76
253.69	29	0.84
614.76	12	0.69
119.63	53	0.61
419.44	37	1.40
470.59	38	0.83
632.41	42	1.18
619.13	15	0.94
355.53	9	0.62
245.99	11	1.12
367.84	32	1.28
249.90	24	1.06
120.56	38	1.08
383.90	15	0.58
284.29	14	0.94
201.35	47	0.82
110.18	34	1.26
233.58	12	0.66
234.80	23	1.11
315.06	3	1.50
537.22	27	0.60
3.37	53	1.32
550.43	31	0.72
255.92	4	0.79
634.57	1	1.19
2.45	39	1.14
634.15	47	1.43
499.66	5	1.43
72.02	26	0.62
130.85	49	1.14
269.02	34	1.03
72.21	49	1.33
428.27	48	0.60
7.76	5	1.04
57.62	17	0.71
689.50	12	0.65
293.06	13	0.66
398.44	4	0.58
635.12	38	1.22
48.92	5	1.09
585.68	2	1.10
317.60	6	1.34
54.36	9	1.10
719.15	22	0.82
422.93	44	0.91
522.39	7	1.16
389.04	46	0.69
70.07	56	0.57
428.55	9	0.78
152.31	7	1.30
670.13	4	1.09
413.89	57	1.40
571.09	6	1.29
687.56	1	0.62
366.80	30	0.90
354.52	14	1.16
594.70	12	1.02
357.81	27	1.06
305.23	1	1.03
228.04	32	1.15
497.75	38	1.21
472.18	54	1.49
646.81	4	0.72
604.57	3	0.83
178.56	37	1.06
616.25	36	0.63
651.66	3	1.33
132.44	20	1.29
269.70	11	1.45
255.97	56	0.85
587.63	26	1.15
437.38	13	0.54
95.54	19	1.21
560.71	22	1.46
294.20	11	1.33
289.39	45	0.69
599.68	9	0.94
431.18	2	1.11
188.71	8	0.90
351.06	38	1.20
164.62	8	1.48
623.16	7	1.15
625.84	8	0.75
321.59	40	1.42
450.87	12	1.26
504.34	11	0.97
620.47	5	0.84
358.87	52	0.51
612.93	10	0.69
568.82	8	0.71
680.51	8	0.66
34.81	51	1.06
219.28	10	0.56
565.36	49	0.89
54.61	58	0.93
636.85	6	0.93
635.56	2	1.13
213.49	40	1.32
446.29	2	0.99
642.63	10	1.08
540.18	24	0.83
576.79	58	0.57
610.60	39	0.93
12.68	13	1.00
84.98	29	0.72
564.26	59	0.85
177.50	40	1.04
75.32	2	0.60
627.51	21	0.65
33.36	5	0.99
310.83	30	1.46
387.46	3	1.13
261.53	43	1.01
468.64	21	0.73
641.55	4	1.44
234.26	1	0.61
562.91	10	1.41
465.74	34	0.51
413.10	12	0.88
302.87	52	0.93
447.77	52	0.88
137.86	37	0.93
381.43	38	0.68
422.14	9	1.22
353.10	36	0.71
190.84	2	0.60
505.42	8	0.56
359.70	7	0.85
138.35	38	0.65
281.51	4	0.77
74.98	9	1.14
666.13	23	0.78
597.85	1	0.53
71.74	12	1.10
60.54	40	0.65
318.97	8	1.09
698.75	37	0.89
708.80	24	0.73
488.79	26	1.29
709.67	13	1.46
317.16	60	0.69
369.56	20	1.21
598.09	12	1.18
701.14	10	0.87
585.28	9	0.71
419.35	7	0.52
706.26	10	1.13
491.48	13	1.16
201.74	43	0.82
227.81	3	0.67
185.84	52	0.74
308.28	43	0.50
173.92	53	0.86
22.21	6	0.98
589.01	17	1.13
498.75	60	1.15
52.37	45	0.94
648.35	50	0.79
434.40	16	1.15
309.52	18	1.26
497.63	21	1.29
394.35	3	1.45
107.34	26	0.91
549.13	7	0.80
28.58	12	0.52
184.84	44	1.07
233.23	12	1.44
631.28	35	1.13
224.03	6	1.43
425.25	54	0.92
11.93	40	1.36
720.53	12	1.12
175.25	10	0.54
85.30	32	1.14
297.55	31	0.82
417.90	18	1.26
297.17	6	1.43
401.99	3	0.67
283.96	47	0.56
19.20	8	0.96
36.70	58	0.62
662.70	18	0.89
525.78	52	1.32
144.92	21	0.53
477.03	16	0.76
668.68	41	0.97
420.23	11	0.54
637.36	17	0.67
518.71	51	1.06
198.67	11	0.55
126.19	1	0.94
108.80	37	1.22
317.84	9	0.68
4.04	7	0.52
41.22	45	1.23
119.20	2	1.05
636.35	10	1.25
376.21	9	0.82
617.32	5	1.27
161.82	3	0.95
540.34	8	0.89
290.10	29	1.35
68.72	45	1.44
257.65	6	0.74
102.82	3	1.30
389.21	27	0.75
196.47	11	0.93
444.56	55	1.11
416.16	18	0.77
596.35	9	0.62
130.62	4	1.14
176.18	40	0.86
629.82	35	1.36
627.00	25	1.37
465.85	32	0.72
173.52	12	0.53
637.89	9	0.69
130.33	44	1.06
485.97	35	1.02
138.66	1	1.19
2.12	22	0.89
553.55	28	0.69
454.61	3	1.17
31.99	49	0.56
198.40	38	0.95
16.33	26	1.41
89.02	27	0.89
94.05	8	0.57
44.26	2	1.18
427.66	48	0.69
439.13	5	0.67
576.26	60	0.59
30.44	1	0.95
299.02	11	0.92
218.21	11	1.28
123.42	14	0.90
284.98	60	1.03
509.56	38	0.58
405.60	12	1.13
387.28	40	0.81
220.44	54	1.34
133.70	2	1.25
571.73	3	1.49
58.40	8	1.36
100.55	5	1.22
691.09	12	0.88
543.81	9	1.35
687.16	8	1.46
665.32	37	0.83
318.93	52	0.73
221.82	4	0.52
672.89	29	0.80
694.95	46	1.19
118.51	55	1.15
90.10	3	1.05
375.79	29	1.31
614.78	11	1.36
505.51	8	1.50
713.07	9	0.50
711.99	8	1.28
157.92	16	0.70
612.18	8	0.51
131.23	9	1.38
77.79	54	0.63
602.40	33	1.36
49.45	37	1.23
444.57	2	1.11
431.18	23	1.49
126.47	3	1.43
119.22	1	1.07
492.25	43	1.23
548.11	39	1.35
605.76	12	0.85
233.38	60	1.38
360.42	13	0.52
394.94	18	1.16
283.61	44	1.24
571.42	57	1.42
720.54	31	1.30
424.69	9	1.34
479.35	35	1.28
40.11	9	0.93
208.99	54	1.19
593.72	9	1.16
13.54	21	0.95
216.38	45	1.40
130.57	9	0.71
338.58	56	1.06
338.22	4	1.46
675.82	9	1.23
237.62	20	1.07
95.63	11	1.21
20.15	44	0.86
579.56	46	0.68
55.79	36	0.54
95.63	8	0.75
489.63	38	0.63
484.19	25	1.27
545.72	46	0.83
550.90	13	0.65
647.92	45	0.87
411.45	1	1.27
680.68	53	0.87
118.67	15	0.75
530.53	42	0.62
504.53	8	1.07
79.65	11	1.28
60.55	48	1.34
282.60	19	0.61
483.90	39	0.55
158.23	53	0.53
154.86	26	0.91
44.10	5	1.18
427.94	27	0.77
628.03	5	0.92
648.59	44	0.51
192.69	23	1.27
117.98	2	0.91
688.81	8	1.14
85.63	5	1.14
205.24	42	1.46
716.17	3	0.70
659.16	26	1.03
482.22	7	1.11
127.55	13	1.11
447.25	59	1.01
250.30	4	0.59
476.16	13	0.68
17.33	21	1.29
478.37	2	0.64
259.71	46	0.55
383.59	4	0.54
156.03	12	1.38
164.22	30	1.40
304.58	34	0.76
156.07	30	0.51
605.19	3	1.30
219.34	9	0.67
378.68	6	0.57
554.48	5	0.76
423.85	8	1.11
288.82	11	0.71
216.97	37	1.20
213.49	9	1.06
626.56	12	0.85
498.86	18	1.04
104.33	50	0.92
382.67	42	1.37
118.33	4	0.51
426.53	10	1.48
440.86	29	1.02
459.26	16	0.56
117.95	14	0.65
363.91	5	1.21
535.44	33	0.52
595.94	60	0.94
668.45	24	0.69
677.53	16	1.22
187.27	58	0.98
296.38	47	0.60
499.80	21	1.09
159.85	5	1.28
302.36	36	0.79
611.58	21	0.93
175.45	26	1.27
229.15	53	0.54
540.80	11	0.95
116.09	44	0.63
13.78	6	1.06
606.63	25	1.46
681.19	28	0.70
214.57	1	1.11
485.29	45	1.14
535.01	49	1.01
318.79	21	0.87
137.37	41	1.08
99.21	43	0.70
99.41	51	0.97
246.51	11	1.12
12.31	36	0.90
476.36	39	0.96
426.55	52	1.35
67.58	4	1.43
499.65	49	0.78
119.33	4	1.19
33.59	3	1.02
310.66	11	0.95
546.71	29	1.17
591.94	5	1.19
68.61	12	1.34
328.48	25	1.42
621.49	11	1.09
177.72	8	0.63
371.37	49	1.14
491.60	2	1.37
465.29	7	0.83
246.70	1	0.72
660.11	4	1.49
625.97	37	1.12
400.64	60	0.85
484.46	49	1.34
632.64	32	0.63
356.59	33	1.03
500.85	4	1.15
313.47	4	0.51
385.66	9	0.72
291.81	37	1.28
569.11	4	1.13
444.24	4	1.29
579.66	1	1.39
317.72	50	0.51
563.55	42	0.99
627.72	6	1.42
260.94	10	0.94
204.82	8	0.78
91.00	9	1.48
630.91	22	0.55
602.20	54	0.77
593.73	12	1.40
104.31	37	0.94
506.49	2	0.53
285.18	3	0.93
714.64	24	1.33
250.76	17	0.74
491.08	47	0.96
59.48	26	1.02
304.93	5	1.29
389.16	5	0.78
411.60	11	0.87
89.32	2	1.02
435.17	26	1.09
449.63	19	0.76
151.10	30	1.45
434.89	38	1.24
282.55	11	0.65
77.74	9	1.07
574.34	16	0.75
521.15	12	0.57
154.40	7	0.86
645.66	6	1.38
613.33	12	1.22
329.86	23	1.44
3.65	33	0.86
241.02	2	0.51
157.23	11	1.08
254.69	59	1.03
202.33	6	0.62
382.23	27	0.88
492.40	16	0.88
460.67	11	0.81
208.37	5	0.68
355.18	37	0.71
336.42	59	0.53
305.98	15	1.14
707.04	30	1.12
221.39	8	1.01
456.82	40	0.73
66.47	12	0.94
162.00	4	1.22
720.02	3	0.79
9.34	29	1.09
605.51	53	1.48
315.68	47	0.57
380.70	16	0.70
200.72	2	0.94
406.61	51	1.38
273.81	17	0.71
215.88	60	1.49
286.15	37	0.91
585.03	22	0.96
300.08	50	1.11
358.60	6	1.50
400.84	12	0.79
65.14	28	0.69
444.39	44	1.02
348.15	24	0.99
29.51	22	1.15
510.62	12	1.13
176.94	10	1.45
125.19	44	1.18
198.40	43	0.93
384.93	35	0.54
486.56	46	1.03
129.87	2	0.72
398.02	3	0.52
67.00	40	0.70
422.00	12	1.21
438.46	8	1.35
235.52	46	1.48
261.22	28	0.52
414.98	25	0.67
271.92	33	1.48
364.96	31	0.85
714.26	38	0.92
523.00	10	1.28
87.80	56	0.53
619.58	33	0.52
344.94	54	0.54
163.50	26	1.11
86.08	27	1.07
126.31	4	1.32
684.30	38	0.69
334.79	38	0.81
700.93	8	1.20
317.29	55	0.77
349.99	47	0.51
412.03	10	0.84
387.14	6	1.03
213.70	20	1.36
204.79	1	0.96
272.58	8	0.68
329.73	1	1.30
643.01	54	1.49
67.44	4	0.69
211.78	58	0.55
654.42	48	1.04
529.27	6	1.08
450.99	25	1.40
526.49	12	0.83
716.07	42	1.26
235.81	17	1.22
8.25	1	0.80
541.01	33	1.31
382.38	22	1.49
396.51	60	0.90
513.88	5	1.16
669.29	23	1.14
593.99	43	1.19
503.56	27	1.11
269.78	25	1.40
634.25	20	0.63
497.66	4	1.02
290.69	12	0.73
153.44	16	1.30
592.87	11	1.23
347.05	19	0.93
548.85	3	1.17
415.13	55	0.52
708.28	32	0.59
440.29	31	0.91
489.81	18	1.00
702.67	36	1.49
519.36	2	0.93
305.68	13	0.99
574.61	57	1.33
12.09	4	1.15
128.66	58	0.68
